27102
23676
7009
55217
58488
6695
10857
81533
94081
3198
153768
219995
4723
23204
647033
56160
8815
23193
100132911
1717
55299
26509
51751
57222
145165
22800
7511
1852
10783
9922
83752
4494
9167
10175
60625
8841
55839
79366
909
55298
91775
55142
83540
25914
347902
3916
2074
5648
400935
728743
2145
728294
163050
353497
83416
65095
117581
23254
53358
116535
1101
92558
25897
84824
10497
643641
327657
7593
5600
30832
1240
116984
58491
7768
51043
5799
80317
339761
5329
79786
80162
962
924
29964
286133
7280
6909
90007
64976
345275
